5.6059 2.6261 0
2.9514 3.2557 0
2.3487 3.9697 0
4.2354 2.0874 0
10.773 3.9356 0
11.558 3.6318 0
10.038 3.2106 0
9.8801 2.6618 0
8.4501 2.9375 0
5.9972 2.1524 0
8.1722 2.7553 0
7.2309 2.877 0
7.8423 2.4667 0
9.1222 3.3519 0
8.8974 3.3834 0
10.204 3.4126 0
11.986 3.314 0
7.0552 2.2449 0
2.8199 3.4661 0
3.0811 2.8825 0
8.468 2.0973 0
2.8251 3.6015 0
8.4999 3.6184 0
7.6614 3.8415 0
6.0837 2.8451 0
11.668 2.8529 0
4.2751 2.8276 0
4.5715 2.2411 0
11.003 3.8331 0
9.8206 2.4351 0
9.4447 2.7547 0
6.8842 3.0564 0
5.27 2.6462 0
3.4563 2.5317 0
8.3342 3.722 0
6.3331 3.577 0
7.4773 2.9889 0
9.6947 2.0169 0
10.187 2.3113 0
7.4158 2.5685 0
3.9027 2.2672 0
7.2648 2.5956 0
5.994 3.2421 0
5.2994 3.735 0
6.5907 2.8879 0
2.3235 2.2649 0
4.4711 3.7525 0
6.2952 2.5248 0
6.19 2.987 0
5.7602 3.7235 0
7.2113 3.3385 0
2.6977 3.7512 0
3.383 2.1903 0
7.8287 3.7477 0
3.1159 2.882 0
10.3 2.7834 0
6.3223 2.7162 0
3.6731 3.6738 0
2.8366 2.4135 0
3.8603 2.9384 0
9.4291 2.197 0
4.5667 3.505 0
6.2729 2.0252 0
8.4789 2.6056 0
11.912 3.3769 0
2.8858 3.9912 0
3.0207 2.9955 0
6.4377 2.2287 0
8.219 2.7564 0
9.1393 3.0036 0
2.3631 3.0172 0
8.7516 3.9336 0
3.8237 2.6418 0
5.7673 3.9673 0
4.5916 3.6536 0
7.8961 3.5936 0
11.229 2.3074 0
5.8394 3.1118 0
3.3898 3.07 0
10.835 3.5455 0
3.8351 3.3206 0
2.6939 2.8151 0
8.2296 3.477 0
4.7616 2.2441 0
8.2611 3.4711 0
11.052 3.8035 0
8.3774 2.8274 0
8.559 2.3756 0
11.071 2.777 0
4.5763 3.5469 0
8.2988 2.6042 0
9.1496 2.2958 0
3.5108 2.337 0
9.9433 3.0387 0
5.8386 2.7742 0
7.9255 2.925 0
4.0644 3.0982 0
3.4541 2.0896 0
9.5393 2.7239 0
4.1816 2.533 0
4.7833 3.6242 0
2.5876 3.1725 0
5.1495 2.195 0
4.3711 2.9639 0
7.4984 3.9975 0
6.3331 3.446 0
11.057 2.5263 0
11.67 3.8148 0
5.0335 2.9102 0
7.225 2.2442 0
3.9227 2.8 0
8.9444 2.9274 0
8.7157 3.5325 0
7.3482 3.7334 0
8.9385 2.0758 0
3.6611 3.5091 0
4.1011 2.3683 0
5.0838 2.589 0
6.3837 3.6633 0
5.5499 3.6466 0
8.063 3.0538 0
2.177 3.5046 0
10.769 3.4679 0
2.1818 3.1838 0
8.4539 3.8135 0
-5.1256 -2.0053 1
-8.5144 -2.981 1
-6.685 -3.6051 1
-8.126 -2.3848 1
-9.5479 -2.317 1
-5.5164 -2.7588 1
-10.924 -2.0914 1
-8.801 -2.4236 1
-11.068 -2.3477 1
-4.3598 -2.5726 1
-7.8664 -3.8558 1
-11.452 -2.052 1
-4.1221 -3.1211 1
-2.3476 -3.5857 1
-7.7 -2.4578 1
-7.9011 -2.5987 1
-3.5906 -2.1106 1
-4.5059 -3.4457 1
-6.0062 -3.1814 1
-7.5446 -3.3424 1
-11.286 -3.04 1
-8.7261 -3.0308 1
-9.6358 -2.5198 1
-2.0835 -2.8559 1
-5.6725 -3.5209 1
-11.61 -2.3223 1
-3.9431 -3.2737 1
-5.4922 -2.7335 1
-8.5339 -3.6906 1
-9.7318 -3.7383 1
-7.3042 -3.1756 1
-2.9153 -2.2591 1
-9.2571 -2.2272 1
-3.847 -3.2926 1
-6.3817 -3.0741 1
-11.763 -2.1829 1
-6.51 -2.0161 1
-5.3263 -2.3186 1
-11.934 -3.9204 1
-2.5429 -2.7295 1
-9.9603 -2.5774 1
-7.4172 -3.2078 1
-5.7432 -3.5416 1
-2.823 -2.2907 1
-10.132 -3.2383 1
-3.3057 -2.7083 1
-9.6171 -3.0188 1
-11.406 -2.8618 1
-8.1053 -2.234 1
-7.5005 -2.0343 1
-7.5025 -3.5287 1
-4.16 -2.7838 1
-2.6105 -3.9734 1
-8.9932 -2.5211 1
-10.725 -3.2234 1
-10.529 -3.7363 1
-9.2013 -2.1048 1
-3.8971 -2.8561 1
-11.664 -3.3849 1
-6.326 -3.5998 1
-8.3813 -2.0357 1
-9.8323 -3.5782 1
-9.7247 -3.3986 1
-7.0757 -3.5078 1
-7.8946 -3.1275 1
-11.783 -2.9779 1
-6.5213 -3.8025 1
-11.143 -3.5509 1
-3.6911 -3.9714 1
-3.6577 -3.0257 1
-4.9933 -3.6172 1
-2.7508 -3.9963 1
-7.5748 -3.8507 1
-10.883 -2.5779 1
-8.913 -2.0817 1
-8.5115 -2.9051 1
-4.6712 -3.5375 1
-8.5392 -3.5097 1
-9.2765 -2.6635 1
-5.736 -3.4234 1
-7.0167 -3.6123 1
-10.162 -2.0091 1
-11.853 -3.5152 1
-3.7991 -3.1362 1
-11.401 -2.3066 1
-10.598 -2.8937 1
-9.5945 -3.0978 1
-2.9942 -3.516 1
-8.0014 -2.3485 1
-11.14 -2.8846 1
-8.3418 -2.498 1
-6.6792 -3.2355 1
-8.5587 -3.3342 1
-8.1391 -3.9534 1
-11.16 -2.4622 1
-11.118 -3.3306 1
-11.934 -2.8409 1
-2.7512 -3.4626 1
-6.8255 -3.8243 1
-9.6386 -3.7359 1
-6.7484 -2.595 1
-3.558 -3.7814 1
-6.4273 -3.8031 1
-3.5646 -2.8936 1
-10.624 -2.3635 1
-5.8601 -2.8353 1
-7.4345 -2.4212 1
-10.554 -3.0795 1
-8.4237 -3.8064 1
-10.601 -2.2167 1
-11.406 -2.7254 1
-4.7494 -3.7184 1
-5.7185 -3.1766 1
-8.271 -2.0909 1
-7.7109 -2.0669 1
-10.488 -2.3186 1
-9.7291 -3.1022 1
-10.178 -3.31 1
-2.9467 -3.4862 1
-10.612 -2.757 1
-10.503 -2.518 1
-7.8176 -3.9425 1
-11.826 -2.7171 1
-8.5781 -2.108 1
-8.9772 -2.4852 1
3.6475 -3.213 2
7.4589 -3.284 2
7.2701 -3.3092 2
2.6976 -3.1106 2
7.4197 -3.5785 2
8.6964 -2.8928 2
8.3328 -3.8521 2
6.5985 -2.4339 2
3.3925 -2.3313 2
11.97 -2.1171 2
8.0722 -3.5787 2
10.881 -3.2217 2
8.5473 -3.0325 2
2.9015 -2.7873 2
7.3761 -3.3423 2
9.1961 -2.1242 2
3.9098 -3.2884 2
7.1678 -3.1461 2
9.2827 -3.3295 2
10.21 -3.4776 2
8.014 -2.4685 2
11.581 -2.4869 2
4.1193 -3.8698 2
4.5229 -3.5098 2
4.7878 -2.3845 2
5.7971 -3.2619 2
11.893 -3.1835 2
2.3404 -2.055 2
5.448 -3.1362 2
8.4944 -3.7205 2
2.9419 -2.5941 2
7.0136 -3.1832 2
6.5012 -2.6396 2
2.4797 -2.6819 2
2.7029 -2.7886 2
10.783 -2.247 2
5.555 -3.6156 2
10.363 -2.3474 2
11.065 -3.4155 2
10.102 -3.0155 2
8.7692 -2.3462 2
7.0908 -2.1499 2
11.957 -2.177 2
6.7749 -3.0671 2
10.516 -3.9886 2
10.979 -3.1312 2
2.7407 -2.968 2
6.7264 -3.5457 2
5.3892 -2.626 2
8.5506 -3.1473 2
7.6941 -3.2454 2
10.649 -2.4292 2
8.1595 -2.8039 2
2.0448 -2.1823 2
8.7352 -3.0267 2
2.0794 -3.3017 2
7.216 -2.5443 2
4.5479 -3.7146 2
7.1394 -3.0564 2
7.0151 -3.9466 2
8.7519 -2.6574 2
6.719 -2.1075 2
6.4918 -2.4563 2
4.7745 -3.8259 2
7.8559 -2.1024 2
5.0841 -3.019 2
4.0245 -2.398 2
11.403 -3.2358 2
10.749 -3.3449 2
11.684 -3.6716 2
7.4095 -2.7055 2
3.0393 -2.4677 2
11.535 -2.098 2
7.6151 -2.2474 2
6.9576 -2.5598 2
10.737 -2.3259 2
4.2539 -2.483 2
11.004 -2.5546 2
8.0513 -2.8877 2
3.916 -2.0444 2
4.0099 -2.8809 2
4.9729 -2.1802 2
8.35 -3.3093 2
11.308 -2.1845 2
8.0905 -2.5321 2
8.2822 -3.2177 2
9.4337 -3.8895 2
5.2548 -3.3903 2
2.9193 -2.377 2
11.721 -2.4039 2
3.5244 -2.3051 2
3.4946 -3.2825 2
8.6956 -3.3322 2
4.5432 -2.0537 2
8.9183 -2.882 2
2.7946 -2.8849 2
10.491 -2.4717 2
2.8939 -2.7953 2
11.929 -2.385 2
3.7861 -2.8541 2
6.6181 -2.8607 2
9.4237 -3.7323 2
6.7911 -2.2893 2
6.2844 -2.6996 2
8.1229 -3.1741 2
11.875 -2.8251 2
2.1809 -3.0308 2
3.7381 -3.3778 2
10.449 -3.7577 2
5.2051 -3.2006 2
11.613 -2.2624 2
4.7838 -2.9302 2
8.3317 -3.7802 2
2.7642 -2.0518 2
8.4913 -2.7973 2
11.805 -3.2599 2
7.2062 -3.4393 2
2.9299 -3.4361 2
3.664 -3.3965 2
5.1462 -3.7927 2
7.2532 -3.5083 2
9.6993 -3.1744 2
9.9868 -3.9569 2
8.6836 -3.481 2
4.8921 -3.9096 2
-10.889 2.4343 3
-6.9222 2.4637 3
-7.1568 3.6973 3
-9.5008 2.4127 3
-2.9432 2.681 3
-3.5841 3.7303 3
-9.534 3.6893 3
-10.194 2.504 3
-6.2972 2.4409 3
-11.665 3.4631 3
-2.3587 3.6427 3
-4.6357 3.672 3
-8.2296 2.9655 3
-8.3902 2.3273 3
-6.1209 3.3601 3
-11.458 2.8206 3
-5.8052 3.2466 3
-7.1979 2.4131 3
-11.124 3.1159 3
-4.4078 2.7862 3
-10.883 2.6081 3
-5.2034 2.3527 3
-7.8819 3.5784 3
-8.5284 3.2655 3
-5.8035 3.6833 3
-8.8026 2.2983 3
-4.0247 2.0422 3
-9.6421 3.648 3
-10.004 2.1425 3
-10.501 3.5808 3
-6.2958 3.1263 3
-10.726 2.7011 3
-8.0752 2.1846 3
-6.3513 3.982 3
-5.1881 3.4949 3
-6.2536 2.4579 3
-8.5857 2.8326 3
-11.677 3.9322 3
-5.0965 3.7421 3
-7.0563 2.3192 3
-4.1851 2.428 3
-9.9637 2.9462 3
-2.3709 2.4062 3
-9.6915 2.5926 3
-3.0522 3.0944 3
-2.3485 2.276 3
-5.6126 2.0597 3
-5.9156 3.2778 3
-4.8821 2.4476 3
-3.0018 2.6678 3
-10.28 2.7784 3
-2.7766 3.4521 3
-7.5845 2.5411 3
-11.836 3.805 3
-3.5821 3.5794 3
-6.0415 2.448 3
-7.8603 3.6442 3
-5.2375 2.9993 3
-4.7557 2.8363 3
-10.7 2.6891 3
-4.128 2.2168 3
-2.3541 3.664 3
-10.363 2.358 3
-9.8198 2.2012 3
-5.0013 2.2191 3
-3.2303 2.1944 3
-7.3777 2.7653 3
-10.504 2.6106 3
-2.3796 2.4244 3
-4.8061 3.9425 3
-9.5611 2.1625 3
-8.5352 2.7109 3
-9.495 3.0721 3
-8.9801 3.4779 3
-7.9262 2.4797 3
-5.4808 2.6856 3
-10.063 3.2408 3
-8.6418 2.7217 3
-2.118 3.0676 3
-2.5575 2.2469 3
-9.971 2.4984 3
-9.7341 2.4813 3
-8.6525 2.3234 3
-7.1661 2.7808 3
-5.8483 2.0596 3
-5.3592 3.1245 3
-3.3171 2.1576 3
-8.5261 3.3102 3
-8.9941 2.0085 3
-3.502 2.3153 3
-3.3083 2.936 3
-10.977 3.5929 3
-10.531 3.6201 3
-4.961 3.9674 3
-6.1893 2.2155 3
-11.895 3.3119 3
-4.6436 2.6689 3
-3.7487 2.5438 3
-5.4659 2.5846 3
-8.4148 3.9004 3
-10.408 2.6875 3
-8.8428 3.7414 3
-2.2031 3.6306 3
-5.3191 2.3398 3
-2.3836 3.7663 3
-4.1395 3.9164 3
-10.972 2.6482 3
-9.6188 3.6534 3
-9.4337 2.6298 3
-3.7509 2.5073 3
-10.602 3.3668 3
-6.7173 3.3603 3
-2.1489 3.1637 3
-7.5228 3.6089 3
-3.1097 3.24 3
-6.5366 3.8038 3
-2.0082 2.4537 3
-6.3678 3.3275 3
-11.223 2.1229 3
-7.8484 3.4758 3
-10.678 3.5379 3
-7.0074 3.3897 3
-2.9569 3.4772 3
-5.0881 3.9196 3
-5.4913 2.1569 3
3.1554 3.5338 0
3.1776 7.7302 0
2.1322 10.03 0
3.4458 9.8681 0
3.3648 3.2278 0
3.2959 7.7275 0
2.6406 4.6058 0
2.9394 8.3923 0
2.4235 2.8413 0
3.1503 9.6839 0
2.1148 6.4184 0
3.545 11.248 0
3.2798 6.8603 0
3.1332 6.6898 0
3.7841 3.4297 0
2.5062 4.5119 0
3.7166 6.7975 0
2.9028 6.8813 0
2.257 2.5027 0
3.3228 4.5771 0
3.0683 6.4424 0
2.301 7.324 0
2.9835 11.555 0
2.2095 4.9012 0
2.013 11.56 0
2.8875 4.4867 0
2.6926 4.5374 0
3.9336 8.8253 0
2.8728 5.6646 0
2.1045 8.4039 0
3.7878 11 0
2.8546 5.1412 0
2.2386 7.0946 0
3.853 5.9127 0
2.1925 7.779 0
2.3534 6.9533 0
2.0253 7.3926 0
2.2725 10.969 0
3.5325 4.6405 0
2.9306 10.063 0
2.2214 2.385 0
2.4262 3.0518 0
3.8171 7.6824 0
2.7575 8.1314 0
3.3776 11.105 0
2.0748 5.4983 0
2.4525 8.1427 0
3.416 11.596 0
2.735 4.1837 0
3.7363 9.7029 0
2.589 8.5966 0
3.0784 2.3361 0
3.7004 11.399 0
3.038 6.9649 0
2.4294 7.8299 0
2.7644 10.747 0
3.5304 4.4789 0
2.2011 4.1125 0
2.7471 9.8589 0
2.5233 3.2767 0
3.036 7.4645 0
2.6164 6.1318 0
3.6083 7.5564 0
3.3913 11.679 0
3.4275 11.009 0
2.1932 3.2658 0
2.1736 11.535 0
2.1634 7.5688 0
3.0061 5.5503 0
3.8287 4.4964 0
3.0212 3.1614 0
3.1318 4.5036 0
3.263 4.8611 0
3.5707 5.9425 0
3.3738 7.8126 0
2.9 8.7431 0
3.1033 10.571 0
3.9532 5.2913 0
3.5304 8.2891 0
2.1582 9.889 0
2.2582 7.554 0
2.9703 4.6851 0
2.7984 8.6544 0
3.3912 8.7808 0
3.4664 2.117 0
2.2609 7.2942 0
3.3641 11.207 0
3.4087 8.2437 0
3.1056 4.922 0
2.8554 4.1483 0
3.9318 6.5078 0
2.3986 11.824 0
2.1211 7.38 0
3.0843 7.8546 0
2.5883 2.3683 0
2.5277 10.508 0
3.2022 7.4185 0
2.0458 9.7723 0
2.4148 2.9078 0
2.6305 4.4174 0
2.4018 8.3116 0
2.4851 4.092 0
2.7054 10.638 0
2.2899 3.7257 0
2.367 7.9585 0
3.8618 8.0557 0
3.214 9.2251 0
2.721 9.4068 0
2.7776 2.8664 0
3.2492 9.4136 0
3.4044 6.4863 0
2.1698 6.3821 0
2.5227 8.6748 0
2.0019 4.5805 0
2.6406 4.3113 0
3.0101 6.164 0
3.6094 9.5988 0
3.3576 8.8362 0
3.1576 3.1773 0
2.2151 9.0116 0
2.4242 9.1419 0
2.182 7.059 0
2.0235 9.5523 0
3.5389 2.1676 0
2.3609 2.3047 0
-3.5412 -2.0923 1
-3.3322 -7.5538 1
-3.5687 -2.586 1
-2.5215 -5.9552 1
-2.3964 -4.9166 1
-3.626 -3.3926 1
-2.9671 -2.5548 1
-3.4238 -9.5828 1
-2.2537 -10.686 1
-2.8793 -4.5445 1
-3.3468 -8.955 1
-2.0756 -6.2568 1
-2.0037 -4.6083 1
-3.4865 -9.2496 1
-3.7784 -7.8142 1
-2.2785 -2.8029 1
-2.228 -7.4542 1
-3.2354 -8.0767 1
-2.4585 -7.6747 1
-2.2435 -9.9012 1
-3.9004 -9.3623 1
-3.4493 -3.4777 1
-2.1362 -5.561 1
-3.0094 -6.9112 1
-3.1005 -3.5857 1
-2.0627 -6.4116 1
-2.0936 -9.14 1
-3.5046 -9.9093 1
-3.9934 -8.6119 1
-2.6564 -10.343 1
-3.2147 -10.225 1
-3.1776 -3.81 1
-2.2687 -6.8621 1
-2.2306 -4.4232 1
-3.0855 -10.406 1
-2.4179 -11.119 1
-3.4915 -2.0174 1
-2.2192 -9.6613 1
-3.6339 -8.5863 1
-3.1061 -7.9965 1
-3.5793 -2.8556 1
-2.6862 -6.2821 1
-3.63 -5.0862 1
-2.3316 -3.7008 1
-2.4201 -11.053 1
-2.626 -2.4691 1
-2.5984 -8.078 1
-2.8842 -8.6021 1
-2.754 -5.6836 1
-3.4903 -7.6593 1
-3.9438 -7.4188 1
-2.1036 -4.3809 1
-3.5747 -10.362 1
-3.1845 -10.882 1
-2.4054 -9.3884 1
-3.0028 -4.4973 1
-3.789 -2.9864 1
-2.3222 -3.8368 1
-2.7368 -9.5587 1
-2.8497 -5.1572 1
-2.0357 -2.5524 1
-3.4478 -5.9961 1
-3.633 -11.05 1
-2.6453 -6.3596 1
-2.4499 -11.746 1
-2.2946 -11.639 1
-2.6646 -4.6367 1
-2.0089 -2.2792 1
-2.5526 -8.8252 1
-3.6077 -3.794 1
-3.9735 -2.1552 1
-3.1386 -8.8882 1
-2.2767 -6.2864 1
-3.6127 -3.2205 1
-3.8821 -3.4363 1
-2.3681 -2.0343 1
-2.139 -6.3708 1
-3.9091 -4.6355 1
-2.5982 -5.8561 1
-3.3678 -9.0878 1
-3.6504 -2.3533 1
-2.2819 -11.423 1
-3.1155 -7.423 1
-3.7804 -10.417 1
-2.4808 -5.2765 1
-2.0888 -3.9466 1
-3.0046 -6.6696 1
-2.8484 -10.199 1
-3.7612 -3.6112 1
-3.633 -11.8 1
-2.2393 -2.0794 1
-3.7437 -4.7361 1
-2.3626 -5.0445 1
-3.023 -6.1702 1
-2.5059 -2.9407 1
-3.3163 -11.614 1
-2.5834 -3.6489 1
-2.5398 -6.2391 1
-3.9219 -8.7952 1
-2.4439 -11.032 1
-2.6206 -7.4313 1
-3.6283 -3.5138 1
-2.8971 -11.195 1
-3.8355 -6.0946 1
-3.8819 -11.435 1
-2.3045 -7.5571 1
-3.1795 -9.6633 1
-2.1948 -6.6093 1
-2.2618 -2.0295 1
-2.5625 -9.2655 1
-3.5535 -11.788 1
-3.9376 -3.4012 1
-3.4735 -2.3326 1
-2.2242 -8.2783 1
-2.489 -3.8372 1
-2.7252 -8.5107 1
-2.0902 -2.3053 1
-2.387 -10.011 1
-3.8802 -2.9325 1
-3.6025 -4.8993 1
-3.7811 -3.5044 1
-2.2902 -9.2223 1
-3.3567 -2.6858 1
-2.7263 -10.669 1
-2.5401 -2.6356 1
2.2884 -2.6529 2
2.5854 -10.087 2
3.1159 -4.3821 2
2.7999 -9.9318 2
3.7063 -3.9333 2
3.8177 -3.6222 2
3.103 -4.9377 2
3.3675 -5.4636 2
2.5229 -10.964 2
3.8732 -5.8926 2
2.7024 -6.4589 2
2.3451 -7.7671 2
2.8597 -2.4585 2
3.8695 -3.2438 2
3.8001 -7.4657 2
2.912 -3.1348 2
3.5074 -6.3355 2
3.6346 -2.1532 2
2.8541 -9.8502 2
2.2924 -4.342 2
3.7065 -5.0115 2
3.5112 -2.6992 2
2.32 -5.9827 2
2.8359 -4.7965 2
2.7959 -5.494 2
2.754 -6.5028 2
2.6579 -4.2603 2
3.9962 -11.995 2
2.5009 -3.0292 2
3.4219 -9.482 2
2.0301 -6.9922 2
2.8505 -7.4303 2
3.0667 -5.7452 2
3.2499 -10.202 2
3.505 -2.2401 2
2.5807 -11.493 2
3.8621 -8.6345 2
3.3964 -5.3632 2
2.7081 -10.458 2
2.75 -10.947 2
2.7188 -11.314 2
3.6487 -5.0137 2
2.0111 -2.2914 2
3.3283 -8.9373 2
3.572 -11.846 2
2.5252 -11.209 2
2.9928 -4.4637 2
3.6258 -9.4426 2
2.0688 -4.3371 2
2.8371 -3.189 2
3.4499 -8.7896 2
2.377 -2.9049 2
2.6364 -2.9922 2
2.667 -2.8479 2
2.7799 -5.31 2
3.221 -5.7735 2
3.097 -3.9596 2
2.1427 -8.8767 2
2.2698 -5.039 2
2.0103 -3.3523 2
2.4549 -9.2796 2
2.3097 -3.2458 2
3.5307 -11.671 2
3.3013 -10.933 2
2.0527 -11.086 2
3.4544 -3.4836 2
2.4236 -6.8558 2
3.8049 -2.9616 2
2.4509 -9.8337 2
3.0244 -10.462 2
3.2047 -11.269 2
3.2237 -11.268 2
2.6063 -10.085 2
2.9451 -9.0894 2
3.1608 -5.0043 2
2.6649 -7.3886 2
3.6008 -10.753 2
2.0361 -2.1712 2
2.7193 -4.9522 2
3.3447 -7.5073 2
2.6725 -5.8663 2
3.0461 -4.585 2
2.0788 -3.6338 2
3.2883 -5.1272 2
3.1202 -2.4472 2
2.2706 -8.5603 2
3.3561 -3.1164 2
3.0153 -4.4777 2
3.0502 -3.4708 2
3.5255 -8.0898 2
2.2469 -9.9055 2
2.465 -9.6561 2
3.0507 -4.1106 2
2.1371 -10.329 2
2.1841 -3.2271 2
2.4963 -6.3234 2
2.7638 -4.8317 2
2.0807 -2.0749 2
3.4859 -9.5401 2
2.3233 -3.184 2
2.9917 -4.0742 2
3.0636 -2.2224 2
2.8517 -5.3799 2
3.6362 -2.4427 2
3.4057 -3.6521 2
2.1209 -11.734 2
2.1836 -8.7125 2
2.4078 -2.3652 2
2.6223 -8.8456 2
2.4045 -5.1935 2
2.5745 -9.0699 2
2.6635 -9.485 2
2.5554 -4.4908 2
2.1426 -7.85 2
3.851 -4.7449 2
3.3999 -4.9849 2
3.3216 -5.6657 2
2.4874 -6.3632 2
2.1267 -9.6378 2
2.4144 -11.304 2
3.7457 -3.0129 2
3.1677 -8.6027 2
2.1165 -3.8869 2
2.5535 -4.7705 2
3.785 -9.4727 2
-2.9967 10.68 3
-3.299 6.6173 3
-2.2416 8.1909 3
-3.3962 9.4418 3
-2.4725 6.5558 3
-2.2352 10.336 3
-3.3508 8.7633 3
-3.9347 6.9442 3
-3.9379 2.9608 3
-2.4619 5.5804 3
-3.4514 3.6984 3
-2.0405 9.492 3
-3.3483 8.7881 3
-2.3196 9.516 3
-2.7855 9.4356 3
-2.3621 5.0313 3
-2.9612 6.9511 3
-3.4989 5.8963 3
-3.5032 9.2648 3
-3.0783 11.885 3
-3.7277 3.3924 3
-3.9823 10.992 3
-3.5839 9.978 3
-3.6995 6.1603 3
-3.3071 6.7857 3
-2.1652 8.0593 3
-2.8362 3.0791 3
-2.9593 2.5812 3
-3.849 8.0877 3
-3.7003 2.5155 3
-2.5409 6.4297 3
-3.2466 5.4391 3
-2.5316 4.7617 3
-2.4827 9.5384 3
-3.8328 8.1863 3
-3.5223 2.3913 3
-2.5052 4.119 3
-3.5027 6.1692 3
-2.727 3.4414 3
-3.3474 8.3881 3
-3.0429 7.5652 3
-2.9686 3.2879 3
-3.8552 2.3641 3
-3.7546 9.3931 3
-2.3837 3.9821 3
-2.4149 11.026 3
-2.3391 8.0961 3
-3.0995 8.2429 3
-3.7723 6.2182 3
-2.0871 2.1545 3
-2.252 3.3923 3
-3.1713 4.0329 3
-3.4765 3.9273 3
-3.8372 2.3928 3
-2.0456 3.2161 3
-2.5354 8.5677 3
-3.0499 2.0299 3
-3.3532 7.8816 3
-3.5093 8.7514 3
-3.5669 6.9581 3
-2.2484 6.6425 3
-3.7501 5.1728 3
-3.7019 9.6414 3
-3.4 11.609 3
-3.1533 8.6027 3
-3.64 8.2535 3
-2.4097 5.9319 3
-3.0165 9.2835 3
-3.1575 8.2089 3
-3.6517 7.5023 3
-3.3666 11.012 3
-2.9218 10.812 3
-2.2319 9.9409 3
-3.9685 5.1804 3
-3.4539 10.803 3
-3.391 4.6293 3
-2.6097 10.488 3
-3.6433 6.3691 3
-2.2143 3.1266 3
-3.5638 5.422 3
-2.3807 5.606 3
-3.6217 7.0131 3
-2.9013 3.7344 3
-2.6412 5.9888 3
-2.8286 3.2039 3
-3.4731 10.18 3
-3.985 4.5111 3
-3.0634 3.4799 3
-2.4006 5.9919 3
-2.3137 6.8383 3
-2.5565 9.8325 3
-3.8781 6.6771 3
-3.7978 4.7604 3
-2.4462 2.5109 3
-2.2917 6.2841 3
-3.336 11.312 3
-2.1135 8.3168 3
-2.2608 10.153 3
-3.9593 5.9753 3
-2.4417 2.3749 3
-3.7691 5.9857 3
-3.4519 4.231 3
-3.0732 4.3864 3
-2.422 4.6361 3
-3.5731 11.595 3
-2.5805 10.72 3
-3.877 2.5636 3
-3.7328 9.86 3
-2.4201 11.305 3
-2.8067 10.251 3
-2.4293 6.8636 3
-3.9603 2.3541 3
-3.8671 6.1087 3
-3.8589 9.7332 3
-2.1031 11.08 3
-3.9016 8.2769 3
-3.8837 5.1442 3
-2.883 10.725 3
-2.0602 7.4912 3
-3.8449 8.0873 3
-2.9552 9.5599 3
-3.2082 3.5715 3
-3.5391 10.753 3
-2.4894 2.067 3
-2.2898 6.8431 3
